| 800 900 1000 900 d 50
| 100 350 100 100 b 50
| 0 100 200 100 d 50

| 900 900 899 888 b 50
| 899 888 899 876 b 50
| 899 876 899 864 b 50
| 899 864 899 852 b 50
| 899 852 898 839 b 50
| 898 839 898 827 b 50
| 898 827 897 815 b 50
| 897 815 896 803 b 50
| 896 803 895 791 b 50
| 895 791 894 779 b 50
| 894 779 893 767 b 50
| 893 767 892 755 b 50
| 892 755 891 743 b 50
| 891 743 889 731 b 50
| 889 731 888 719 b 50
| 888 719 886 708 b 50
| 886 708 884 696 b 50
| 884 696 882 684 b 50
| 882 684 880 673 b 50
| 880 673 878 661 b 50
| 878 661 876 650 b 50
| 876 650 874 638 b 50
| 874 638 872 627 b 50
| 872 627 869 616 b 50
| 869 616 867 605 b 50
| 867 605 864 594 b 50
| 864 594 861 583 b 50
| 861 583 859 572 b 50
| 859 572 856 561 b 50
| 856 561 853 551 b 50
| 853 551 850 540 b 50
| 850 540 846 530 b 50
| 846 530 843 519 b 50
| 843 519 840 509 b 50
| 840 509 836 499 b 50
| 836 499 833 489 b 50
| 833 489 829 479 b 50
| 829 479 825 470 b 50
| 825 470 822 460 b 50
| 822 460 818 451 b 50
| 818 451 814 441 b 50
| 814 441 810 432 b 50
| 810 432 805 423 b 50
| 805 423 801 414 b 50
| 801 414 797 406 b 50
| 797 406 793 397 b 50
| 793 397 788 389 b 50
| 788 389 784 380 b 50
| 784 380 779 372 b 50
| 779 372 774 364 b 50
| 774 364 770 356 b 50
| 770 356 765 349 b 50
| 765 349 760 341 b 50
| 760 341 755 334 b 50
| 755 334 750 327 b 50
| 750 327 745 320 b 50
| 745 320 740 313 b 50
| 740 313 735 307 b 50
| 735 307 730 300 b 50
| 730 300 725 294 b 50
| 725 294 719 288 b 50
| 719 288 714 282 b 50
| 714 282 708 277 b 50
| 708 277 703 271 b 50
| 703 271 697 266 b 50
| 697 266 692 261 b 50
| 692 261 686 256 b 50
| 686 256 681 251 b 50
| 681 251 675 247 b 50
| 675 247 669 243 b 50
| 669 243 663 239 b 50
| 663 239 658 235 b 50
| 658 235 652 231 b 50
| 652 231 646 228 b 50
| 646 228 640 224 b 50
| 640 224 634 221 b 50
| 634 221 628 218 b 50
| 628 218 622 216 b 50
| 622 216 616 213 b 50
| 616 213 610 211 b 50
| 610 211 604 209 b 50
| 604 209 598 207 b 50
| 598 207 592 206 b 50
| 592 206 586 204 b 50
| 586 204 580 203 b 50
| 580 203 574 202 b 50
| 574 202 568 201 b 50
| 568 201 562 201 b 50
| 562 201 556 201 b 50
| 556 201 550 200 b 50

| 550 200 548 201 b 50
| 548 201 545 201 b 50
| 545 201 543 201 b 50
| 543 201 540 201 b 50
| 540 201 537 201 b 50
| 537 201 535 201 b 50
| 535 201 532 202 b 50
| 532 202 530 202 b 50
| 530 202 527 202 b 50
| 527 202 524 203 b 50
| 524 203 522 203 b 50
| 522 203 519 204 b 50
| 519 204 517 204 b 50
| 517 204 514 205 b 50
| 514 205 512 206 b 50
| 512 206 509 206 b 50
| 509 206 507 207 b 50
| 507 207 504 208 b 50
| 504 208 502 209 b 50
| 502 209 499 210 b 50
| 499 210 497 210 b 50
| 497 210 494 211 b 50
| 494 211 492 212 b 50
| 492 212 489 213 b 50
| 489 213 487 215 b 50
| 487 215 485 216 b 50
| 485 216 482 217 b 50
| 482 217 480 218 b 50
| 480 218 478 219 b 50
| 478 219 476 221 b 50
| 476 221 473 222 b 50
| 473 222 471 223 b 50
| 471 223 469 225 b 50
| 469 225 467 226 b 50
| 467 226 464 228 b 50
| 464 228 462 229 b 50
| 462 229 460 231 b 50
| 460 231 458 232 b 50
| 458 232 456 234 b 50
| 456 234 454 236 b 50
| 454 236 452 237 b 50
| 452 237 450 239 b 50
| 450 239 448 241 b 50
| 448 241 446 243 b 50
| 446 243 444 244 b 50
| 444 244 443 246 b 50
| 443 246 441 248 b 50
| 441 248 439 250 b 50
| 439 250 437 252 b 50
| 437 252 436 254 b 50
| 436 254 434 256 b 50
| 434 256 432 258 b 50
| 432 258 431 260 b 50
| 431 260 429 262 b 50
| 429 262 428 264 b 50
| 428 264 426 267 b 50
| 426 267 425 269 b 50
| 425 269 423 271 b 50
| 423 271 422 273 b 50
| 422 273 421 276 b 50
| 421 276 419 278 b 50
| 419 278 418 280 b 50
| 418 280 417 282 b 50
| 417 282 416 285 b 50
| 416 285 415 287 b 50
| 415 287 413 289 b 50
| 413 289 412 292 b 50
| 412 292 411 294 b 50
| 411 294 410 297 b 50
| 410 297 410 299 b 50
| 410 299 409 302 b 50
| 409 302 408 304 b 50
| 408 304 407 307 b 50
| 407 307 406 309 b 50
| 406 309 406 312 b 50
| 406 312 405 314 b 50
| 405 314 404 317 b 50
| 404 317 404 319 b 50
| 404 319 403 322 b 50
| 403 322 403 324 b 50
| 403 324 402 327 b 50
| 402 327 402 330 b 50
| 402 330 402 332 b 50
| 402 332 401 335 b 50
| 401 335 401 337 b 50
| 401 337 401 340 b 50
| 401 340 401 343 b 50
| 401 343 401 345 b 50
| 401 345 401 348 b 50
| 401 348 400 350 b 50

| 100 350 101 352 b 50
| 101 352 101 355 b 50
| 101 355 101 357 b 50
| 101 357 101 360 b 50
| 101 360 101 363 b 50
| 101 363 101 365 b 50
| 101 365 102 368 b 50
| 102 368 102 370 b 50
| 102 370 102 373 b 50
| 102 373 103 376 b 50
| 103 376 103 378 b 50
| 103 378 104 381 b 50
| 104 381 104 383 b 50
| 104 383 105 386 b 50
| 105 386 106 388 b 50
| 106 388 106 391 b 50
| 106 391 107 393 b 50
| 107 393 108 396 b 50
| 108 396 109 398 b 50
| 109 398 110 401 b 50
| 110 401 110 403 b 50
| 110 403 111 406 b 50
| 111 406 112 408 b 50
| 112 408 113 411 b 50
| 113 411 115 413 b 50
| 115 413 116 415 b 50
| 116 415 117 418 b 50
| 117 418 118 420 b 50
| 118 420 119 422 b 50
| 119 422 121 425 b 50
| 121 425 122 427 b 50
| 122 427 123 429 b 50
| 123 429 125 431 b 50
| 125 431 126 433 b 50
| 126 433 128 436 b 50
| 128 436 129 438 b 50
| 129 438 131 440 b 50
| 131 440 132 442 b 50
| 132 442 134 444 b 50
| 134 444 136 446 b 50
| 136 446 137 448 b 50
| 137 448 139 450 b 50
| 139 450 141 452 b 50
| 141 452 143 454 b 50
| 143 454 144 456 b 50
| 144 456 146 457 b 50
| 146 457 148 459 b 50
| 148 459 150 461 b 50
| 150 461 152 463 b 50
| 152 463 154 464 b 50
| 154 464 156 466 b 50
| 156 466 158 468 b 50
| 158 468 160 469 b 50
| 160 469 162 471 b 50
| 162 471 164 472 b 50
| 164 472 167 474 b 50
| 167 474 169 475 b 50
| 169 475 171 477 b 50
| 171 477 173 478 b 50
| 173 478 175 479 b 50
| 175 479 178 481 b 50
| 178 481 180 482 b 50
| 180 482 182 483 b 50
| 182 483 185 484 b 50
| 185 484 187 485 b 50
| 187 485 189 487 b 50
| 189 487 192 488 b 50
| 192 488 194 489 b 50
| 194 489 197 490 b 50
| 197 490 199 490 b 50
| 199 490 202 491 b 50
| 202 491 204 492 b 50
| 204 492 207 493 b 50
| 207 493 209 494 b 50
| 209 494 212 494 b 50
| 212 494 214 495 b 50
| 214 495 217 496 b 50
| 217 496 219 496 b 50
| 219 496 222 497 b 50
| 222 497 224 497 b 50
| 224 497 227 498 b 50
| 227 498 230 498 b 50
| 230 498 232 498 b 50
| 232 498 235 499 b 50
| 235 499 237 499 b 50
| 237 499 240 499 b 50
| 240 499 243 499 b 50
| 243 499 245 499 b 50
| 245 499 248 499 b 50
| 248 499 250 500 b 50
| 250 500 252 499 b 50
| 252 499 255 499 b 50
| 255 499 257 499 b 50
| 257 499 260 499 b 50
| 260 499 263 499 b 50
| 263 499 265 499 b 50
| 265 499 268 498 b 50
| 268 498 270 498 b 50
| 270 498 273 498 b 50
| 273 498 276 497 b 50
| 276 497 278 497 b 50
| 278 497 281 496 b 50
| 281 496 283 496 b 50
| 283 496 286 495 b 50
| 286 495 288 494 b 50
| 288 494 291 494 b 50
| 291 494 293 493 b 50
| 293 493 296 492 b 50
| 296 492 298 491 b 50
| 298 491 301 490 b 50
| 301 490 303 490 b 50
| 303 490 306 489 b 50
| 306 489 308 488 b 50
| 308 488 311 487 b 50
| 311 487 313 485 b 50
| 313 485 315 484 b 50
| 315 484 318 483 b 50
| 318 483 320 482 b 50
| 320 482 322 481 b 50
| 322 481 325 479 b 50
| 325 479 327 478 b 50
| 327 478 329 477 b 50
| 329 477 331 475 b 50
| 331 475 333 474 b 50
| 333 474 336 472 b 50
| 336 472 338 471 b 50
| 338 471 340 469 b 50
| 340 469 342 468 b 50
| 342 468 344 466 b 50
| 344 466 346 464 b 50
| 346 464 348 463 b 50
| 348 463 350 461 b 50
| 350 461 352 459 b 50
| 352 459 354 457 b 50
| 354 457 356 456 b 50
| 356 456 357 454 b 50
| 357 454 359 452 b 50
| 359 452 361 450 b 50
| 361 450 363 448 b 50
| 363 448 364 446 b 50
| 364 446 366 444 b 50
| 366 444 368 442 b 50
| 368 442 369 440 b 50
| 369 440 371 438 b 50
| 371 438 372 436 b 50
| 372 436 374 433 b 50
| 374 433 375 431 b 50
| 375 431 377 429 b 50
| 377 429 378 427 b 50
| 378 427 379 425 b 50
| 379 425 381 422 b 50
| 381 422 382 420 b 50
| 382 420 383 418 b 50
| 383 418 384 415 b 50
| 384 415 385 413 b 50
| 385 413 387 411 b 50
| 387 411 388 408 b 50
| 388 408 389 406 b 50
| 389 406 390 403 b 50
| 390 403 390 401 b 50
| 390 401 391 398 b 50
| 391 398 392 396 b 50
| 392 396 393 393 b 50
| 393 393 394 391 b 50
| 394 391 394 388 b 50
| 394 388 395 386 b 50
| 395 386 396 383 b 50
| 396 383 396 381 b 50
| 396 381 397 378 b 50
| 397 378 397 376 b 50
| 397 376 398 373 b 50
| 398 373 398 370 b 50
| 398 370 398 368 b 50
| 398 368 399 365 b 50
| 399 365 399 363 b 50
| 399 363 399 360 b 50
| 399 360 399 357 b 50
| 399 357 399 355 b 50
| 399 355 399 352 b 50
| 399 352 400 350 b 50