| 0 900 200 900 d 20
| 900 0 900 200 d 20
| 900 100 887 101 b 20
| 887 101 873 101 b 20
| 873 101 859 102 b 20
| 859 102 845 102 b 20
| 845 102 831 104 b 20
| 831 104 817 105 b 20
| 817 105 803 106 b 20
| 803 106 789 108 b 20
| 789 108 775 110 b 20
| 775 110 762 113 b 20
| 762 113 748 115 b 20
| 748 115 734 118 b 20
| 734 118 721 121 b 20
| 721 121 707 124 b 20
| 707 124 693 128 b 20
| 693 128 680 131 b 20
| 680 131 667 135 b 20
| 667 135 653 140 b 20
| 653 140 640 144 b 20
| 640 144 627 149 b 20
| 627 149 614 154 b 20
| 614 154 601 159 b 20
| 601 159 588 164 b 20
| 588 164 575 170 b 20
| 575 170 562 175 b 20
| 562 175 550 181 b 20
| 550 181 537 188 b 20
| 537 188 525 194 b 20
| 525 194 513 201 b 20
| 513 201 501 208 b 20
| 501 208 488 215 b 20
| 488 215 477 222 b 20
| 477 222 465 230 b 20
| 465 230 453 237 b 20
| 453 237 442 245 b 20
| 442 245 430 253 b 20
| 430 253 419 262 b 20
| 419 262 408 270 b 20
| 408 270 397 279 b 20
| 397 279 386 288 b 20
| 386 288 376 297 b 20
| 376 297 365 306 b 20
| 365 306 355 315 b 20
| 355 315 345 325 b 20
| 345 325 335 335 b 20
| 335 335 325 345 b 20
| 325 345 315 355 b 20
| 315 355 306 365 b 20
| 306 365 297 376 b 20
| 297 376 288 386 b 20
| 288 386 279 397 b 20
| 279 397 270 408 b 20
| 270 408 262 419 b 20
| 262 419 253 430 b 20
| 253 430 245 442 b 20
| 245 442 237 453 b 20
| 237 453 230 465 b 20
| 230 465 222 477 b 20
| 222 477 215 488 b 20
| 215 488 208 501 b 20
| 208 501 201 513 b 20
| 201 513 194 525 b 20
| 194 525 188 537 b 20
| 188 537 181 550 b 20
| 181 550 175 562 b 20
| 175 562 170 575 b 20
| 170 575 164 588 b 20
| 164 588 159 601 b 20
| 159 601 154 614 b 20
| 154 614 149 627 b 20
| 149 627 144 640 b 20
| 144 640 140 653 b 20
| 140 653 135 667 b 20
| 135 667 131 680 b 20
| 131 680 128 693 b 20
| 128 693 124 707 b 20
| 124 707 121 721 b 20
| 121 721 118 734 b 20
| 118 734 115 748 b 20
| 115 748 113 762 b 20
| 113 762 110 775 b 20
| 110 775 108 789 b 20
| 108 789 106 803 b 20
| 106 803 105 817 b 20
| 105 817 104 831 b 20
| 104 831 102 845 b 20
| 102 845 102 859 b 20
| 102 859 101 873 b 20
| 101 873 101 887 b 20
| 101 887 100 900 b 20
